1 2 3 4 5 6 7 10 11 12 13 14 15 16 17 18 19 20 21 22 23 24 25 26 27 28 29 30 31 33 35 36 37 38 
32 33 0 34 35 6 7 8 9 10 12 13 16 21 23 
0 1 2 3 4 6 10 11 12 13 14 15 16 17 18 19 20 21 22 23 24 25 26 27 28 29 30 31 33 34 35 36 37 38 
37 5 6 7 
32 33 6 7 8 9 10 12 13 16 21 23 
0 1 2 3 4 5 6 7 8 9 10 11 32 33 34 35 36 37 38 
6 7 9 12 13 16 21 23 
6 10 11 12 13 14 15 16 17 18 19 20 21 22 23 24 25 26 27 28 29 30 31 
35 4 36 
1 2 3 4 37 38 36 35 6 5 11 7 
6 7 8 9 10 11 12 13 15 16 21 23 31 
32 0 33 34 35 9 12 
12 13 14 15 16 17 18 19 20 21 22 23 24 25 26 27 28 29 30 31 
33 4 36 
1 2 3 35 4 38 37 36 
4 5 6 7 37 11 
6 7 8 9 10 11 12 13 15 16 21 23 31 
32 0 34 33 35 9 
12 13 14 15 16 17 18 19 20 21 22 23 24 25 26 27 28 29 30 31 
33 4 36 
1 2 3 35 4 38 37 36 
4 5 6 7 8 9 10 11 12 13 15 
37 5 
6 12 14 15 17 18 19 22 27 31 
7 13 16 17 20 21 23 24 25 28 29 30 31 
32 0 34 33 35 9 
18 20 25 26 27 
33 4 36 
1 2 3 35 4 38 37 36 
4 5 6 7 37 11 
6 7 8 9 10 11 12 13 15 16 21 23 31 
32 0 34 33 35 9 
12 13 14 15 16 17 18 20 21 23 24 25 27 28 29 30 31 
18 19 22 25 26 27 
33 4 36 
